,128.5,110.9,2],["line",128.5,110.9,131.8,108.9,2],["line",131.8,108.9,135.1,106.9,2],["line",135.1,106.9,138.4,104.9,2],["line",138.4,104.9,141.6,103.0,2],["line",141.6,103.0,144.9,101.1,2],["line",144.9,101.1,148.2,99.2,2],["line",148.2,99.2,151.5,97.4,2],["line",151.5,97.4,154.7,95.6,2],["line",154.7,95.6,158.0,93.8,2],["line",158.0,93.8,161.3,92.1,2],["line",161.3,92.1,164.5,90.3,2],["line",164.5,90.3,167.8,88.6,2],["line",167.8,88.6,171.1,87.0,2],["line",171.1,87.0,174.4,85.3,2],["line",174.4,85.3,177.6,83.7,2],["line",177.6,83.7,180.9,82.1,2],["line",180.9,82.1,184.2,80.5,2],["line",184.2,80.5,187.5,78.9,2],["line",187.5,78.9,190.7,77.4,2],["line",190.7,77.4,194.0,75.8,2],["line",194.0,75.8,197.3,74.3,2],["line",197.3,74.3,200.5,72.8,2],["line",200.5,72.8,203.8,71.3,2],["line",203.8,71.3,207.1,69.9,2],["line",207.1,69.9,210.4,68.4,2],["line",210.4,68.4,213.6,67.0,2],["line",213.6,67.0,216.9,65.6,2],["line",216.9,65.6,220.2,64.1,2],["line",220.2,64.1,223.5,62.8,2],["line",223.5,62.8,226.7,61.4,2],["line",226.7,61.4,230.0,60.0,2],["line",230.0,60.0,233.3,58.6,2],["line",233.3,58.6,236.5,57.3,2],["line",236.5,57.3,239.8,56.0,2],["line",239.8,56.0,243.1,54.6,2],["line",243.1,54.6,246.4,53.3,2],["line",246.4,53.3,249.6,52.0,2],["line",249.6,52.0,252.9,50.7,2],["line",252.9,50.7,256.2,49.5,2],["line",256.2,49.5,259.5,48.2,2],["line",259.5,48.2,262.7,46.9,2],["line",262.7,46.9,266.0,45.7,2],["line",266.0,45.7,269.3,44.4,2],["line",269.3,44.4,272.5,43.2,2],["line",272.5,43.2,275.8,42.0,2],["line",275.8,42.0,279.1,40.8,2],["line",279.1,40.8,282.4,39.6,2],["line",282.4,39.6,285.6,38.4,2],["line",285.6,38.4,288.9,37.2,2],["line",288.9,37.2,292.2,36.0,2],["line",292.2,36.0,295.5,34.8,2],["line",295.5,34.8,298.7,33.7,2],["line",298.7,33.7,302.0,32.5,2],["line",302.0,32.5,305.3,31.4,2],["line",305.3,31.4,308.5,30.2,2],["line",308.5,30.2,311.8,29.1,2],["line",311.8,29.1,315.1,28.0,2],["line",315.1,28.0,318.4,26.8,2],["line",318.4,26.8,321.6,25.7,2],["line",321.6,25.7,324.9,24.6,2],["line",324.9,24.6,328.2,23.5,2],["line",328.2,23.5,331.5,22.4,2],["line",331.5,22.4,334.7,21.3,2],["line",334.7,21.3,338.0,20.3,2],["line",338.0,20.3,341.3,19.2,2],["line",341.3,19.2,344.5,18.1,2],["line",344.5,18.1,347.8,17.1,2],["line",347.8,17.1,351.1,16.0,2],["line",351.1,16.0,354.4,14.9,2],["line",354.4,14.9,357.6,13.9,2],["line",357.6,13.9,360.9,12.9,2],["line",360.9,12.9,364.2,11.8,2],["line",364.2,11.8,367.5,10.8,2],["circle",130.0,110.0,3.5,2],["circle",370.0,10.0,3.5,2]]}},
{"id":"math_prof-233","group":"g_two_lines","number":12,"topic":"Графики функций","text":"На рисунке изображены графики двух линейных функций. На каждой прямой отмечены две точки с целыми координатами. Найдите абсциссу точки пересечения графиков.","answers":["-12"],"points":1,"kind":"number","explanation":"Уравнения прямых: y = -1,5x - 2 и y = -x + 4. Приравниваем и получаем x = -12.","figure":{"w":420,"h":260,"items":[["line",10.0,250.0,10.0,10.0,0],["line",30.0,250.0,30.0,10.0,0],["line",50.0,250.0,50.0,10.0,0],["line",70.0,250.0,70.0,10.0,0],["line",90.0,250.0,90.0,10.0,0],["line",110.0,250.0,110.0,10.0,0],["line",130.0,250.0,130.0,10.0,0],["line",150.0,250.0,150.0,10.0,0],["line",170.0,250.0,170.0,10.0,0],["line",190.0,250.0,190.0,10.0,0],["line",210.0,250.0,210.0,10.0,0],["line",230.0,250.0,230.0,10.0,0],["line",250.0,250.0,250.0,10.0,0],["line",270.0,250.0,270.0,10.0,0],["line",290.0,250.0,290.0,10.0,0],["line",310.0,250.0,310.0,10.0,0],["line",330.0,250.0,330.0,10.0,0],["line",350.0,250.0,350.0,10.0,0],["line",370.0,250.0,370.0,10.0,0],["line",390.0,250.0,390.0,10.0,0],["line",410.0,250.0,410.0,10.0,0],["line",10.0,250.0,410.0,250.0,0],["line",10.0,230.0,410.0,230.0,0],["line",10.0,210.0,410.0,210.0,0],["line",10.0,190.0,410.0,190.0,0],["line",10.0,170.0,410.0,170.0,0],["line",10.0,150.0,410.0,150.0,0],["line",10.0,130.0,410.0,130.0,0],["line",10.0,110.0,410.0,110.0,0],["line",10.0,90.0,410.0,90.0,0],["line",10.0,70.0,410.0,70.0,0],["line",10.0,50.0,410.0,50.0,0],["line",10.0,30.0,410.0,30.0,0],["line",10.0,10.0,410.0,10.0,0],["line",210.0,250.0,210.0,10.0,1],["text",219.0,14.0,"y","c"],["line",10.0,130.0,410.0,130.0,1],["text",406.0,140.0,"x","c"],["text",203.0,139.0,"0","c"],["text",230.0,139.0,"1","c"],["text",203.0,110.0,"1","c"],["line",103.3,10.0,263.3,250.0,2],["line",170.0,10.0,410.0,250.0,1],["circle",130.0,50.0,3.5,2],["circle",250.0,230.0,3.5,2],["circle",170.0,10.0,3.5,2],["circle",390.0,230.0,3.5,2]]}},
{"id":"math_prof-234","group":"g_parabola","number":12,"topic":"Графики функций","text":"На рисунке изображён график функции f(x) = ax² + bx + c. На графике отмечены вершина параболы и две соседние точки с целыми координатами. Найдите f(-10).","answers":["-391"],"points":1,"kind":"number","explanation":"Вершина параболы находится в точке (4; 1), a = -2: f(x) = -2x² + 16x - 31.","figure":{"w":420,"h":260,"items":[["line",10.0,250.0,10.0,10.0,0],["line",30.0,250.0,30.0,10.0,0],["line",50.0,250.0,50.0,10.0,0],["line",70.0,250.0,70.0,10.0,0],["line",90.0,250.0,90.0,10.0,0],["line",110.0,250.0,110.0,10.0,0],["line",130.0,250.0,130.0,10.0,0],["line",150.0,250.0,150.0,10.0,0],["line",170.0,250.0,170.0,10.0,0],["line",190.0,250.0,190.0,10.0,0],["line",210.0,250.0,210.0,10.0,0],["line",230.0,250.0,230.0,10.0,0],["line",250.0,250.0,250.0,10.0,0],["line",270.0,250.0,270.0,10.0,0],["line",290.0,250.0,290.0,10.0,0],["line",310.0,250.0,310.0,10.0,0],["line",330.0,250.0,330.0,10.0,0],["line",350.0,250.0,350.0,10.0,0],["line",370.0,250.0,370.0,10.0,0],["line",390.0,250.0,390.0,10.0,0],["line",410.0,250.0,410.0,10.0,0],["line",10.0,250.0,410.0,250.0,0],["line",10.0,230.0,410.0,230.0,0],["line",10.0,210.0,410.0,210.0,0],["line",10.0,190.0,410.0,190.0,0],["line",10.0,170.0,410.0,170.0,0],["line",10.0,150.0,410.0,150.0,0],["line",10.0,130.0,410.0,130.0,0],["line",10.0,110.0,410.0,110.0,0],["line",10.0,90.0,410.0,90.0,0],["line",10.0,70.0,410.0,70.0,0],["line",10.0,50.0,410.0,50.0,0],["line",10.0,30.0,410.0,30.0,0],["line",10.0,10.0,410.0,10.0,0],["line",210.0,250.0,210.0,10.0,1],["text",219.0,14.0,"y","c"],["line",10.0,130.0,410.0,130.0,1],["text",406.0,140.0,"x","c"],["text",203.0,139.0,"0","c"],["text",230.0,139.0,"1","c"],["text",203.0,110.0,"1","c"],["line",254.0,239.6,256.0,225.6,2],["line",256.0,225.6,258.0,212.4,2],["line",258.0,212.4,260.0,200.0,2],["line",260.0,200.0,262.0,188.4,2],["line",262.0,188.4,264.0,177.6,2],["line",264.0,177.6,266.0,167.6,2],["line",266.0,167.6,268.0,158.4,2],["line",268.0,158.4,270.0,150.0,2],["line",270.0,150.0,272.0,142.4,2],["line",272.0,142.4,274.0,135.6,2],["line",274.0,135.6,276.0,129.6,2],["line",276.0,129.6,278.0,124.4,2],["line",278.0,124.4,280.0,120.0,2],["line",280.0,120.0,282.0,116.4,2],["line",282.0,116.4,284.0,113.6,2],["line",284.0,113.6,286.0,111.6,2],["line",286.0,111.6,288.0,110.4,2],["line",288.0,110.4,290.0,110.0,2],["line",290.0,110.0,292.0,110.4,2],["line",292.0,110.4,294.0,111.6,2],["line",294.0,111.6,296.0,113.6,2],["line",296.0,113.6,298.0,116.4,2],["line",298.0,116.4,300.0,120.0,2],["line",300.0,120.0,302.0,124.4,2],["line",302.0,124.4,304.0,129.6,2],["line",304.0,129.6,306.0,135.6,2],["line",306.0,135.6,308.0,142.4,2],["line",308.0,142.4,310.0,150.0,2],["line",310.0,150.0,312.0,158.4,2],["line",312.0,158.4,314.0,167.6,2],["line",314.0,167.6,316.0,177.6,2],["line",316.0,177.6,318.0,188.4,2],["line",318.0,188.4,320.0,200.0,2],["line",320.0,200.0,322.0,212.4,2],["line",322.0,212.4,324.0,225.6,2],["line",324.0,225.6,326.0,239.6,2],["circle",270.0,150.0,3.5,2],["circle",290.0,110.0,3.5,2],["circle",310.0,150.0,3.5,2]]}},
{"id":"math_prof-235","group":"g_hyperbola","number":12,"topic":"Графики функций","text":"На рисунке изображён график функции f(x) = k/x + a. На графике отмечены точки с целыми координатами. Найдите f(40).","answers":["-1,9"],"points":1,"kind":"number","explanation":"По отмеченным точкам k = 4, a = -2; f(40) = 4 : (40) + (-2) = -1,9.","figure":{"w":420,"h":260,"items":[["line",10.0,250.0,10.0,10.0,0],["line",30.0,250.0,30.0,10.0,0],["line",50.0,250.0,50.0,10.0,0],["line",70.0,250.0,70.0,10.0,0],["line",90.0,250.0,90.0,10.0,0],["line",110.0,250.0,110.0,10.0,0],["line",130.0,250.0,130.0,10.0,0],["line",150.0,250.0,150.0,10.0,0],["line",170.0,250.0,170.0,10.0,0],["line",190.0,250.0,190.0,10.0,0],["line",210.0,250.0,210.0,10.0,0],["line",230.0,250.0,230.0,10.0,0],["line",250.0,250.0,250.0,10.0,0],["line",270.0,250.0,270.0,10.0,0],["line",290.0,250.0,290.0,10.0,0],["line",310.0,250.0,310.0,10.0,0],["line",330.0,250.0,330.0,10.0,0],["line",350.0,250.0,350.0,10.0,0],["line",370.0,250.0,370.0,10.0,0],["line",390.0,250.0,390.0,10.0,0],["line",410.0,250.0,410.0,10.0,0],["line",10.0,250.0,410.0,250.0,0],["line",10.0,230.0,410.0,230.0,0],["line",10.0,210.0,410.0,210.0,0],["line",10.0,190.0,410.0,190.0,0],["line",10.0,170.0,410.0,170.0,0],["line",10.0,150.0,410.0,150.0,0],["line",10.0,130.0,410.0,130.0,0],["line",10.0,110.0,410.0,110.0,0],["line",10.0,90.0,410.0,90.0,0],["line",10.0,70.0,410.0,70.0,0],["line",10.0,50.0,410.0,50.0,0],["line",10.0,30.0,410.0,30.0,0],["line",10.0,10.0,410.0,10.0,0],["line",210.0,250.0,210.0,10.0,1],["text",219.0,14.0,"y","c"],["line",10.0,130.0,410.0,130.0,1],["text",406.0,140.0,"x","c"],["text",203.0,139.0,"0","c"],["text",230.0,139.0,"1","c"],["text",203.0,110.0,"1","c"],["line",10.0,178.0,12.8,178.1,2],["line",12.8,178.1,15.6,178.2,2],["line",15.6,178.2,18.4,178.4,2],["line",18.4,178.4,21.2,178.5,2],["line",21.2,178.5,24.0,178.6,2],["line",24.0,178.6,26.8,178.7,2],["line",26.8,178.7,29.6,178.9,2],["line",29.6,178.9,32.4,179.0,2],["line",32.4,179.0,35.2,179.2,2],["line",35.2,179.2,38.0,179.3,2],["line",38.0,179.3,40.8,179.5,2],["line",40.8,179.5,43.6,179.6,2],["line",43.6,179.6,46.4,179.8,2],["line",46.4,179.8,49.2,180.0,2],["line",49.2,180.0,52.0,180.1,2],["line",52.0,180.1,54.8,180.3,2],["line",54.8,180.3,57.6,180.5,2],["line",57.6,180.5,60.4,180.7,2],["line",60.4,180.7,63.2,180.9,2],["line",63.2,180.9,66.0,181.1,2],["line",66.0,181.1,68.8,181.3,2],["line",68.8,181.3,71.6,181.6,2],["line",71.6,181.6,74.4,181.8,2],["line",74.4,181.8,77.2,182.0,2],["line",77.2,182.0,80.0,182.3,2],["line",80.0,182.3,82.8,182.6,2],["line",82.8,182.6,85.6,182.9,2],["line",85.6,182.9,88.4,183.2,2],["line",88.4,183.2,91.2,183.5,2],["line",91.2,183.5,94.0,183.8,2],["line",94.0,183.8,96.8,184.1,2],["line",96.8,184.1,99.6,184.5,2],["line",99.6,184.5,102.4,184.9,2],["line",102.4,184.9,105.2,185.3,2],["line",105.2,185.3,108.0,185.7,2],["line",108.0,185.7,110.8,186.1,2],["line",110.8,186.1,113.6,186.6,2],["line",113.6,186.6,116.4,187.1,2],["line",116.4,187.1,119.2,187.6,2],["line",119.2,187.6,122.0,188.2,2],["line",122.0,188.2,124.8,188.8,2],["line",124.8,188.8,127.6,189.4,2],["line",127.6,189.4,130.4,190.1,2],["line",130.4,190.1,133.2,190.8,2],["line",133.2,190.8,136.0,191.6,2],["line",136.0,191.6,138.8,192.5,2],["line",138.8,192.5,141.6,193.4,2],["line",141.6,193.4,144.4,194.4,2],["line",144.4,194.4,147.2,195.5,2],["line",147.2,195.5,150.0,196.7,2],["line",150.0,196.7,152.8,198.0,2],["line",152.8,198.0,155.6,199.4,2],["line",155.6,199.4,158.4,201.0,2],["line",158.4,201.0,161.2,202.8,2],["line",161.2,202.8,164.0,204.8,2],["line",164.0,204.8,166.8,207.0,2],["line",166.8,207.0,169.6,209.6,2],["line",169.6,209.6,172.4,212.6,2],["line",172.4,212.6,175.2,216.0,2],["line",175.2,216.0,178.0,220.0,2],["line",178.0,220.0,180.8,224.8,2],["line",180.8,224.8,183.6,230.6,2],["line",183.6,230.6,186.4,237.8,2],["line",186.4,237.8,189.2,246.9,2],["line",222.4,41.0,225.2,64.7,2],["line",225.2,64.7,228.0,81.1,2],["line",228.0,81.1,230.8,93.1,2],["line",230.8,93.1,233.6,102.2,2],["line",233.6,102.2,236.4,109.4,2],["line",236.4,109.4,239.2,115.2,2],["line",239.2,115.2,242.0,120.0,2],["line",242.0,120.0,244.8,124.0,2],["line",244.8,124.0,247.6,127.4,2],["line",247.6,127.4,250.4,130.4,2],["line",250.4,130.4,253.2,133.0,2],["line",253.2,133.0,256.0,135.2,2],["line",256.0,135.2,258.8,137.2,2],["line",258.8,137.2,261.6,139.0,2],["line",261.6,139.0,264.4,140.6,2],["line",264.4,140.6,267.2,142.0,2],["line",267.2,142.0,270.0,143.3,2],["line",270.0,143.3,272.8,144.5,2],["line",272.8,144.5,275.6,145.6,2],["line",275.6,145.6,278.4,146.6,2],["line",278.4,146.6,281.2,147.5,2],["line",281.2,147.5,284.0,148.4,2],["line",284.0,148.4,286.8,149.2,2],["line",286.8,149.2,289.6,149.9,2],["line",289.6,149.9,292.4,150.6,2],["line",292.4,150.6,295.2,151.2,2],["line",295.2,151.2,298.0,151.8,2],["line",298.0,151.8,300.8,152.4,2],["line",300.8,152.4,303.6,152.9,2],["line",303.6,152.9,306.4,153.4,2],["line",306.4,153.4,309.2,153.9,2],["line",309.2,153.9,312.0,154.3,2],["line",312.0,154.3,314.8,154.7,2],["line",314.8,154.7,317.6,155.1,2],["line",317.6,155.1,320.4,155.5,2],["line",320.4,155.5,323.2,155.9,2],["line",323.2,155.9,326.0,156.2,2],["line",326.0,156.2,328.8,156.5,2],["line",328.8,156.5,331.6,156.8,2],["line",331.6,156.8,334.4,157.1,2],["line",334.4,157.1,337.2,157.4,2],["line",337.2,157.4,340.0,157.7,2],["line",340.0,157.7,342.8,158.0,2],["line",342.8,158.0,345.6,158.2,2],["line",345.6,158.2,348.4,158.4,2],["line",348.4,158.4,351.2,158.7,2],["line",351.2,158.7,354.0,158.9,2],["line",354.0,158.9,356.8,159.1,2],["line",356.8,159.1,359.6,159.3,2],["line",359.6,159.3,362.4,159.5,2],["line",362.4,159.5,365.2,159.7,2],["line",365.2,159.7,368.0,159.9,2],["line",368.0,159.9,370.8,160.0,2],["line",370.8,160.0,373.6,160.2,2],["line",373.6,160.2,376.4,160.4,2],["line",376.4,160.4,379.2,160.5,2],["line",379.2,160.5,382.0,160.7,2],["line",382.0,160.7,384.8,160.8,2],["line",384.8,160.8,387.6,161.0,2],["line",387.6,161.0,390.4,161.1,2],["line",390.4,161.1,393.2,161.3,2],["line",393.2,161.3,396.0,161.4,2],["line",396.0,161.4,398.8,161.5,2],["line",398.8,161.5,401.6,161.6,2],["line",401.6,161.6,404.4,161.8,2],["line",404.4,161.8,407.2,161.9,2],["line",407.2,161.9,410.0,162.0,2],["line",10.0,170.0,410.0,170.0,0],["circle",130.0,190.0,3.5,2],["circle",290.0,150.0,3.5,2],["circle",250.0,130.0,3.5,2]]}},
{"id":"math_prof-236","group":"g_exponent","number":12,"topic":"Графики функций","text":"На рисунке изображён график функции f(x) = aˣ + b. На графике отмечены точки с целыми координатами. Найдите f(5).","answers":["240"],"points":1,"kind":"number","explanation":"По отмеченным точкам a = 3, b = -3; f(5) = 243 + (-3) = 240.","figure":{"w":420,"h":260,"items":[["line",10.0,250.0,10.0,10.0,0],["line",30.0,250.0,30.0,10.0,0],["line",50.0,250.0,50.0,10.0,0],["line",70.0,250.0,70.0,10.0,0],["line",90.0,250.0,90.0,10.0,0],["line",110.0,250.0,110.0,10.0,0],["line",130.0,250.0,130.0,10.0,0],["line",150.0,250.0,150.0,10.0,0],["line",170.0,250.0,170.0,10.0,0],["line",190.0,250.0,190.0,10.0,0],["line",210.0,250.0,210.0,10.0,0],["line",230.0,250.0,230.0,10.0,0],["line",250.0,250.0,250.0,10.0,0],["line",270.0,250.0,270.0,10.0,0],["line",290.0,250.0,290.0,10.0,0],["line",310.0,250.0,310.0,10.0,0],["line",330.0,250.0,330.0,10.0,0],["line",350.0,250.0,350.0,10.0,0],["line",370.0,250.0,370.0,10.0,0],["line",390.0,250.0,390.0,10.0,0],["line",410.0,250.0,410.0,10.0,0],["line",10.0,250.0,410.0,250.0,0],["line",10.0,230.0,410.0,230.0,0],["line",10.0,210.0,410.0,210.0,0],["line",10.0,190.0,410.0,190.0,0],["line",10.0,170.0,410.0,170.0,0],["line",10.0,150.0,410.0,150.0,0],["line",10.0,130.0,410.0,130.0,0],["line",10.0,110.0,410.0,110.0,0],["line",10.0,90.0,410.0,90.0,0],["line",10.0,70.0,410.0,70.0,0],["line",10.0,50.0,410.0,50.0,0],["line",10.0,30.0,410.0,30.0,0],["line",10.0,10.0,410.0,10.0,0],["line",210.0,250.0,210.0,10.0,1],["text",219.0,14.0,"y","c"],["line",10.0,130.0,410.0,130.0,1],["text",406.0,140.0,"x","c"],["text",203.0,139.0,"0","c"],["text",230.0,139.0,"1","c"],["text",203.0,110.0,"1","c"],["line",10.0,190.0,13.6,190.0,2],["line",13.6,190.0,17.3,190.0,2],["line",17.3,190.0,20.9,190.0,2],["line",20.9,190.0,24.5,190.0,2],["line",24.5,190.0,28.2,190.0,2],["line",28.2,190.0,31.8,190.0,2],["line",31.8,190.0,35.5,190.0,2],["line",35.5,190.0,39.1,190.0,2],["line",39.1,190.0,42.7,190.0,2],["line",42.7,190.0,46.4,190.0,2],["line",46.4,190.0,50.0,190.0,2],["line",50.0,190.0,53.6,190.0,2],["line",53.6,190.0,57.3,190.0,2],["line",57.3,190.0,60.9,190.0,2],["line",60.9,190.0,64.5,190.0,2],["line",64.5,190.0,68.2,190.0,2],["line",68.2,190.0,71.8,190.0,2],["line",71.8,190.0,75.5,190.0,2],["line",75.5,190.0,79.1,190.0,2],["line",79.1,190.0,82.7,190.0,2],["line",82.7,190.0,86.4,190.0,2],["line",86.4,190.0,90.0,190.0,2],["line",90.0,190.0,93.6,190.0,2],["line",93.6,190.0,97.3,190.0,2],["line",97.3,190.0,100.9,190.0,2],["line",100.9,190.0,104.5,189.9,2],["line",104.5,189.9,108.2,189.9,2],["line",108.2,189.9,111.8,189.9,2],["line",111.8,189.9,115.5,189.9,2],["line",115.5,189.9,119.1,189.9,2],["line",119.1,189.9,122.7,189.8,2],["line",122.7,189.8,126.4,189.8,2],["line",126.4,189.8,130.0,189.8,2],["line",130.0,189.8,133.6,189.7,2],["line",133.6,189.7,137.3,189.6,2],["line",137.3,189.6,140.9,189.6,2],["line",140.9,189.6,144.5,189.5,2],["line",144.5,189.5,148.2,189.3,2],["line",148.2,189.3,151.8,189.2,2],["line",151.8,189.2,155.5,189.0,2],["line",155.5,189.0,159.1,188.8,2],["line",159.1,188.8,162.7,188.5,2],["line",162.7,188.5,166.4,188.2,2],["line",166.4,188.2,170.0,187.8,2],["line",170.0,187.8,173.6,187.3,2],["line",173.6,187.3,177.3,186.7,2],["line",177.3,186.7,180.9,186.0,2],["line",180.9,186.0,184.5,185.1,2],["line",184.5,185.1,188.2,184.0,2],["line",188.2,184.0,191.8,182.6,2],["line",191.8,182.6,195.5,181.0,2],["line",195.5,181.0,199.1,179.0,2],["line",199.1,179.0,202.7,176.6,2],["line",202.7,176.6,206.4,173.6,2],["line",206.4,173.6,210.0,170.0,2],["line",210.0,170.0,213.6,165.6,2],["line",213.6,165.6,217.3,160.2,2],["line",217.3,160.2,220.9,153.6,2],["line",220.9,153.6,224.5,145.5,2],["line",224.5,145.5,228.2,135.7,2],["line",228.2,135.7,231.8,123.7,2],["line",231.8,123.7,235.5,109.0,2],["line",235.5,109.0,239.1,91.1,2],["line",239.1,91.1,242.7,69.3,2],["line",242.7,69.3,246.4,42.6,2],["line",246.4,42.6,250.0,10.0,2],["circle",210.0,170.0,3.5,2],["circle",230.0,130.0,3.5,2],["circle",250.0,10.0,3.5,2]]}},
{"id":"math_prof-237","group":"g_logarithm","number":12,"topic":"Графики функций","text":"На рисунке изображён график функции f(x) = log_a x + b (логарифм по основанию a). На графике отмечены точки с целыми координатами. Найдите значение x, при котором f(x) = 1.","answers":["27"],"points":1,"kind":"number","explanation":"По отмеченным точкам a = 3, b = -2; log₃ x = 3, x = 27.","figure":{"w":420,"h":260,"items":[["line",10.0,250.0,10.0,10.0,0],["line",30.0,250.0,30.0,10.0,0],["line",50.0,250.0,50.0,10.0,0],["line",70.0,250.0,70.0,10.0,0],["line",90.0,250.0,90.0,10.0,0],["line",110.0,250.0,110.0,10.0,0],["line",130.0,250.0,130.0,10.0,0],["line",150.0,250.0,150.0,10.0,0],["line",170.0,250.0,170.0,10.0,0],["line",190.0,250.0,190.0,10.0,0],["line",210.0,250.0,210.0,10.0,0],["line",230.0,250.0,230.0,10.0,0],["line",250.0,250.0,250.0,10.0,0],["line",270.0,250.0,270.0,10.0,0],["line",290.0,250.0,290.0,10.0,0],["line",310.0,250.0,310.0,10.0,0],["line",330.0,250.0,330.0,10.0,0],["line",350.0,250.0,350.0,10.0,0],["line",370.0,250.0,370.0,10.0,0],["line",390.0,250.0,390.0,10.0,0],["line",410.0,250.0,410.0,10.0,0],["line",10.0,250.0,410.0,250.0,0],["line",10.0,230.0,410.0,230.0,0],["line",10.0,210.0,410.0,210.0,0],["line",10.0,190.0,410.0,190.0,0],["line",10.0,170.0,410.0,170.0,0],["line",10.0,150.0,410.0,150.0,0],["line",10.0,130.0,410.0,130.0,0],["line",10.0,110.0,410.0,110.0,0],["line",10.0,90.0,410.0,90.0,0],["line",10.0,70.0,410.0,70.0,0],["line",10.0,50.0,410.0,50.0,0],["line",10.0,30.0,410.0,30.0,0],["line",10.0,10.0,410.0,10.0,0],["line",50.0,250.0,50.0,10.0,1],["text",59.0,14.0,"y","c"],["line",10.0,130.0,410.0,130.0,1],["text",406.0,140.0,"x","c"],["text",43.0,139.0,"0","c"],["text",70.0,139.0,"1","c"],["text",43.0,110.0,"1","c"],["line",50.4,241.2,53.4,202.3,2],["line",53.4,202.3,56.4,190.8,2],["line",56.4,190.8,59.4,183.8,2],["line",59.4,183.8,62.4,178.7,2],["line",62.4,178.7,65.4,174.8,2],["line",65.4,174.8,68.4,171.5,2],["line",68.4,171.5,71.4,168.8,2],["line",71.4,168.8,74.4,166.4,2],["line",74.4,166.4,77.4,164.3,2],["line",77.4,164.3,80.4,162.4,2],["line",80.4,162.4,83.4,160.7,2],["line",83.4,160.7,86.4,159.1,2],["line",86.4,159.1,89.4,157.7,2],["line",89.4,157.7,92.4,156.3,2],["line",92.4,156.3,95.3,155.1,2],["line",95.3,155.1,98.3,153.9,2],["line",98.3,153.9,101.3,152.8,2],["line",101.3,152.8,104.3,151.8,2],["line",104.3,151.8,107.3,150.8,2],["line",107.3,150.8,110.3,149.9,2],["line",110.3,149.9,113.3,149.0,2],["line",113.3,149.0,116.3,148.2,2],["line",116.3,148.2,119.3,147.4,2],["line",119.3,147.4,122.3,146.6,2],["line",122.3,146.6,125.3,145.9,2],["line",125.3,145.9,128.3,145.2,2],["line",128.3,145.2,131.3,144.5,2],["line",131.3,144.5,134.3,143.8,2],["line",134.3,143.8,137.3,143.2,2],["line",137.3,143.2,140.3,142.6,2],["line",140.3,142.6,143.3,142.0,2],["line",143.3,142.0,146.3,141.4,2],["line",146.3,141.4,149.3,140.8,2],["line",149.3,140.8,152.3,140.3,2],["line",152.3,140.3,155.3,139.8,2],["line",155.3,139.8,158.3,139.3,2],["line",158.3,139.3,161.3,138.8,2],["line",161.3,138.8,164.3,138.3,2],["line",164.3,138.3,167.3,137.8,2],["line",167.3,137.8,170.3,137.3,2],["line",170.3,137.3,173.3,136.9,2],["line",173.3,136.9,176.3,136.5,2],["line",176.3,136.5,179.3,136.0,2],["line",179.3,136.0,182.3,135.6,2],["line",182.3,135.6,185.2,135.2,2],["line",185.2,135.2,188.2,134.8,2],["line",188.2,134.8,191.2,134.4,2],["line",191.2,134.4,194.2,134.0,2],["line",194.2,134.0,197.2,133.7,2],["line",197.2,133.7,200.2,133.3,2],["line",200.2,133.3,203.2,132.9,2],["line",203.2,132.9,206.2,132.6,2],["line",206.2,132.6,209.2,132.2,2],["line",209.2,132.2,212.2,131.9,2],["line",212.2,131.9,215.2,131.6,2],["line",215.2,131.6,218.2,131.2,2],["line",218.2,131.2,221.2,130.9,2],["line",221.2,130.9,224.2,130.6,2],["line",224.2,130.6,227.2,130.3,2],["line",227.2,130.3,230.2,130.0,2],["line",230.2,130.0,233.2,129.7,2],["line",233.2,129.7,236.2,129.4,2],["line",236.2,129.4,239.2,129.1,2],["line",239.2,129.1,242.2,128.8,2],["line",242.2,128.8,245.2,128.5,2],["line",245.2,128.5,248.2,128.2,2],["line",248.2,128.2,251.2,128.0,2],["line",251.2,128.0,254.2,127.7,2],["line",254.2,127.7,257.2,127.4,2],["line",257.2,127.4,260.2,127.2,2],["line",260.2,127.2,263.2,126.9,2],["line",263.2,126.9,266.2,126.7,2],["line",266.2,126.7,269.2,126.4,2],["line",269.2,126.4,272.2,126.2,2],["line",272.2,126.2,275.1,125.9,2],["line",275.1,125.9,278.1,125.7,2],["line",278.1,125.7,281.1,125.4,2],["line",281.1,125.4,284.1,125.2,2],["line",284.1,125.2,287.1,125.0,2],["line",287.1,125.0,290.1,124.8,2],["line",290.1,124.8,293.1,124.5,2],["line",293.1,124.5,296.1,124.3,2],["line",296.1,124.3,299.1,124.1,2],["line",299.1,124.1,302.1,123.9,2],["line",302.1,123.9,305.1,123.7,2],["line",305.1,123.7,308.1,123.4,2],["line",308.1,123.4,311.1,123.2,2],["line",311.1,123.2,314.1,123.0,2],["line",314.1,123.0,317.1,122.8,2],["line",317.1,122.8,320.1,122.6,2],["line",320.1,122.6,323.1,122.4,2],["line",323.1,122.4,326.1,122.2,2],["line",326.1,122.2,329.1,122.0,2],["line",329.1,122.0,332.1,121.8,2],["line",332.1,121.8,335.1,121.6,2],["line",335.1,121.6,338.1,121.4,2],["line",338.1,121.4,341.1,121.3,2],["line",341.1,121.3,344.1,121.1,2],["line",344.1,121.1,347.1,120.9,2],["line",347.1,120.9,350.1,120.7,2],["line",350.1,120.7,353.1,120.5,2],["line",353.1,120.5,356.1,120.3,2],["line",356.1,120.3,359.1,120.2,2],["line",359.1,120.2,362.1,120.0,2],["line",362.1,120.0,365.0,119.8,2],["line",365.0,119.8,368.0,119.6,2],["line",368.0,119.6,371.0,119.5,2],["line",371.0,119.5,374.0,119.3,2],["line",374.0,119.3,377.0,119.1,2],["line",377.0,119.1,380.0,119.0,2],["line",380.0,119.0,383.0,118.8,2],["line",383.0,118.8,386.0,118.6,2],["line",386.0,118.6,389.0,118.5,2],["line",389.0,118.5,392.0,118.3,2],["line",392.0,118.3,395.0,118.2,2],["line",395.0,118.2,398.0,118.0,2],["line",398.0,118.0,401.0,117.8,2],["line",401.0,117.8,404.0,117.7,2],["line",404.0,117.7,407.0,117.5,2],["line",407.0,117.5,410.0,117.4,2],["circle",70.0,170.0,3.5,2],["circle",110.0,150.0,3.5,2],["circle",230.0,130.0,3.5,2]]}},
{"id":"math_prof-238","group":"g_root","number":12,"topic":"Графики функций","text":"На рисунке изображён график функции f(x) = k√x. На графике отмечены точки с целыми координатами. Найдите f(7,84).","answers":["8,4"],"points":1,"kind":"number","explanation":"По отмеченным точкам k = 3; √7,84 = 2,8, f(7,84) = 3 · 2,8 = 8,4.","figure":{"w":420,"h":260,"items":[["line",10.0,250.0,10.0,10.0,0],["line",30.0,250.0,30.0,10.0,0],["line",50.0,250.0,50.0,10.0,0],["line",70.0,250.0,70.0,10.0,0],["line",90.0,250.0,90.0,10.0,0],["line",110.0,250.0,110.0,10.0,0],["line",130.0,250.0,130.0,10.0,0],["line",150.0,250.0,150.0,10.0,0],["line",170.0,250.0,170.0,10.0,0],["line",190.0,250.0,190.0,10.0,0],["line",210.0,250.0,210.0,10.0,0],["line",230.0,250.0,230.0,10.0,0],["line",250.0,250.0,250.0,10.0,0],["line",270.0,250.0,270.0,10.0,0],["line",290.0,250.0,290.0,10.0,0],["line",310.0,250.0,310.0,10.0,0],["line",330.0,250.0,330.0,10.0,0],["line",350.0,250.0,350.0,10.0,0],["line",370.0,250.0,370.0,10.0,0],["line",390.0,250.0,390.0,10.0,0],["line",410.0,250.0,410.0,10.0,0],["line",10.0,250.0,410.0,250.0,0],["line",10.0,230.0,410.0,230.0,0],["line",10.0,210.0,410.0,210.0,0],["line",10.0,190.0,410.0,190.0,0],["line",10.0,170.0,410.0,170.0,0],["line",10.0,150.0,410.0,150.0,0],["line",10.0,130.0,410.0,130.0,0],["line",10.0,110.0,410.0,110.0,0],["line",10.0,90.0,410.0,90.0,0],["line",10.0,70.0,410.0,70.0,0],["line",10.0,50.0,410.0,50.0,0],["line",10.0,30.0,410.0,30.0,0],["line",10.0,10.0,410.0,10.0,0],["line",50.0,250.0,50.0,10.0,1],["text",59.0,14.0,"y","c"],["line",10.0,210.0,410.0,210.0,1],["text",406.0,220.0,"x","c"],["text",43.0,219.0,"0","c"],["text",70.0,219.0,"1","c"],["text",43.0,190.0,"1","c"],["line",50.0,210.0,53.3,185.7,2],["line",53.3,185.7,56.5,175.7,2],["line",56.5,175.7,59.8,168.0,2],["line",59.8,168.0,63.1,161.5,2],["line",63.1,161.5,66.4,155.7,2],["line",66.4,155.7,69.6,150.5,2],["line",69.6,150.5,72.9,145.8,2],["line",72.9,145.8,76.2,141.4,2],["line",76.2,141.4,79.5,137.2,2],["line",79.5,137.2,82.7,133.2,2],["line",82.7,133.2,86.0,129.5,2],["line",86.0,129.5,89.3,125.9,2],["line",89.3,125.9,92.5,122.5,2],["line",92.5,122.5,95.8,119.2,2],["line",95.8,119.2,99.1,116.0,2],["line",99.1,116.0,102.4,112.9,2],["line",102.4,112.9,105.6,109.9,2],["line",105.6,109.9,108.9,107.0,2],["line",108.9,107.0,112.2,104.2,2],["line",112.2,104.2,115.5,101.5,2],["line",115.5,101.5,118.7,98.8,2],["line",118.7,98.8,122.0,96.2,2],["line",122.0,96.2,125.3,93.6,2],["line",125.3,93.6,128.5,91.1,2],["line",128.5,91.1,131.8,88.6,2],["line",131.8,88.6,135.1,86.2,2],["line",135.1,86.2,138.4,83.9,2],["line",138.4,83.9,141.6,81.6,2],["line",141.6,81.6,144.9,79.3,2],["line",144.9,79.3,148.2,77.1,2],["line",148.2,77.1,151.5,74.9,2],["line",151.5,74.9,154.7,72.7,2],["line",154.7,72.7,158.0,70.6,2],["line",158.0,70.6,161.3,68.5,2],["line",161.3,68.5,164.5,66.4,2],["line",164.5,66.4,167.8,64.4,2],["line",167.8,64.4,171.1,62.4,2],["line",171.1,62.4,174.4,60.4,2],["line",174.4,60.4,177.6,58.4,2],["line",177.6,58.4,180.9,56.5,2],["line",180.9,56.5,184.2,54.6,2],["line",184.2,54.6,187.5,52.7,2],["line",187.5,52.7,190.7,50.8,2],["line",190.7,50.8,194.0,49.0,2],["line",194.0,49.0,197.3,47.2,2],["line",197.3,47.2,200.5,45.4,2],["line",200.5,45.4,203.8,43.6,2],["line",203.8,43.6,207.1,41.8,2],["line",207.1,41.8,210.4,40.1,2],["line",210.4,40.1,213.6,38.4,2],["line",213.6,38.4,216.9,36.7,2],["line",216.9,36.7,220.2,35.0,2],["line",220.2,35.0,223.5,33.3,2],["line",223.5,33.3,226.7,31.6,2],["line",226.7,31.6,230.0,30.0,2],["line",230.0,30.0,233.3,28.4,2],["line",233.3,28.4,236.5,26.8,2],["line",236.5,26.8,239.8,25.2,2],["line",239.8,25.2,243.1,23.6,2],["line",243.1,23.6,246.4,22.0,2],["line",246.4,22.0,249.6,20.4,2],["line",249.6,20.4,252.9,18.9,2],["line",252.9,18.9,256.2,17.4,2],["line",256.2,17.4,259.5,15.8,2],["line",259.5,15.8,262.7,14.3,2],["line",262.7,14.3,266.0,12.8,2],["line",266.0,12.8,269.3,11.3,2],["line",269.3,11.3,272.5,9.9,2],["circle",70.0,150.0,3.5,2],["circle",130.0,90.0,3.5,2]]}},
{"id":"math_prof-239","group":"g_two_lines","number":12,"topic":"Графики функций","text":"На рисунке изображены графики двух линейных функций. На каждой прямой отмечены две точки с целыми координатами. Найдите абсциссу точки пересечения графиков.","answers":["12"],"points":1,"kind":"number","explanation":"Уравнения прямых: y = x - 3 и y = 0,5x + 3. Приравниваем и получаем x = 12.","figure":{"w":420,"h":260,"items":[["line",10.0,250.0,10.0,10.0,0],["line",30.0,250.0,30.0,10.0,0],["line",50.0,250.0,50.0,10.0,0],["line",70.0,250.0,70.0,10.0,0],["line",90.0,250.0,90.0,10.0,0],["line",110.0,250.0,110.0,10.0,0],["line",130.0,250.0,130.0,10.0,0],["line",150.0,250.0,150.0,10.0,0],["line",170.0,250.0,170.0,10.0,0],["line",190.0,250.0,190.0,10.0,0],["line",210.0,250.0,210.0,10.0,0],["line",230.0,250.0,230.0,10.0,0],["line",250.0,250.0,250.0,10.0,0],["line",270.0,250.0,270.0,10.0,0],["line",290.0,250.0,290.0,10.0,0],["line",310.0,250.0,310.0,10.0,0],["line",330.0,250.0,330.0,10.0,0],["line",350.0,250.0,350.0,10.0,0],["line",370.0,250.0,370.0,10.0,0],["line",390.0,250.0,390.0,10.0,0],["line",410.0,250.0,410.0,10.0,0],["line",10.0,250.0,410.0,250.0,0],["line",10.0,230.0,410.0,230.0,0],["line",10.0,210.0,410.0,210.0,0],["line",10.0,190.0,410.0,190.0,0],["line",10.0,170.0,410.0,170.0,0],["line",10.0,150.0,410.0,150.0,0],["line",10.0,130.0,410.0,130.0,0],["line",10.0,110.0,410.0,110.0,0],["line",10.0,90.0,410.0,90.0,0],["line",10.0,70.0,410.0,70.0,0],["line",10.0,50.0,410.0,50.0,0],["line",10.0,30.0,410.0,30.0,0],["line",10.0,10.0,410.0,10.0,0],["line",210.0,250.0,210.0,10.0,1],["text",219.0,14.0,"y","c"],["line",10.0,130.0,410.0,130.0,1],["text",406.0,140.0,"x","c"],["text",203.0,139.0,"0","c"],["text",230.0,139.0,"1","c"],["text",203.0,110.0,"1","c"],["line",150.0,250.0,390.0,10.0,2],["line",10.0,170.0,330.0,10.0,1],["circle",150.0,250.0,3.5,2],["circle",390.0,10.0,3.5,2],["circle",50.0,150.0,3.5,2],["circle",330.0,10.0,3.5,2]]}},
{"id":"math_prof-240","group":"g_parabola","number":12,"topic":"Графики функций","text":"На рисунке изображён график функции f(x) = ax² + bx + c. На графике отмечены вершина параболы и две соседние точки с целыми координатами. Найдите c.","answers":["17"],"points":1,"kind":"number","explanation":"Вершина параболы находится в точке (3; -1), a = 2: f(x) = 2x² - 12x + 17.","figure":{"w":420,"h":260,"items":[["line",10.0,250.0,10.0,10.0,0],["line",30.0,250.0,30.0,10.0,0],["line",50.0,250.0,50.0,10.0,0],["line",70.0,250.0,70.0,10.0,0],["line",90.0,250.0,90.0,10.0,0],["line",110.0,250.0,110.0,10.0,0],["line",130.0,250.0,130.0,10.0,0],["line",150.0,250.0,150.0,10.0,0],["line",170.0,250.0,170.0,10.0,0],["line",190.0,250.0,190.0,10.0,0],["line",210.0,250.0,210.0,10.0,0],["line",230.0,250.0,230.0,10.0,0],["line",250.0,250.0,250.0,10.0,0],["line",270.0,250.0,270.0,10.0,0],["line",290.0,250.0,290.0,10.0,0],["line",310.0,250.0,310.0,10.0,0],["line",330.0,250.0,330.0,10.0,0],["line",350.0,250.0,350.0,10.0,0],["line",370.0,250.0,370.0,10.0,0],["line",390.0,250.0,390.0,10.0,0],["line",410.0,250.0,410.0,10.0,0],["line",10.0,250.0,410.0,250.0,0],["line",10.0,230.0,410.0,230.0,0],["line",10.0,210.0,410.0,210.0,0],["line",10.0,190.0,410.0,190.0,0],["line",10.0,170.0,410.0,170.0,0],["line",10.0,150.0,410.0,150.0,0],["line",10.0,130.0,410.0,130.0,0],["line",10.0,110.0,410.0,110.0,0],["line",10.0,90.0,410.0,90.0,0],["line",10.0,70.0,410.0,70.0,0],["line",10.0,50.0,410.0,50.0,0],["line",10.0,30.0,410.0,30.0,0],["line",10.0,10.0,410.0,10.0,0],["line",210.0,250.0,210.0,10.0,1],["text",219.0,14.0,"y","c"],["line",10.0,130.0,410.0,130.0,1],["text",406.0,140.0,"x","c"],["text",203.0,139.0,"0","c"],["text",230.0,139.0,"1","c"],["text",203.0,110.0,"1","c"],["line",234.0,20.4,236.0,34.4,2],["line",236.0,34.4,238.0,47.6,2],["line",238.0,47.6,240.0,60.0,2],["line",240.0,60.0,242.0,71.6,2],["line",242.0,71.6,244.0,82.4,2],["line",244.0,82.4,246.0,92.4,2],["line",246.0,92.4,248.0,101.6,2],["line",248.0,101.6,250.0,110.0,2],["line",250.0,110.0,252.0,117.6,2],["line",252.0,117.6,254.0,124.4,2],["line",254.0,124.4,256.0,130.4,2],["line",256.0,130.4,258.0,135.6,2],["line",258.0,135.6,260.0,140.0,2],["line",260.0,140.0,262.0,143.6,2],["line",262.0,143.6,264.0,146.4,2],["line",264.0,146.4,266.0,148.4,2],["line",266.0,148.4,268.0,149.6,2],["line",268.0,149.6,270.0,150.0,2],["line",270.0,150.0,272.0,149.6,2],["line",272.0,149.6,274.0,148.4,2],["line",274.0,148.4,276.0,146.4,2],["line",276.0,146.4,278.0,143.6,2],["line",278.0,143.6,280.0,140.0,2],["line",280.0,140.0,282.0,135.6,2],["line",282.0,135.6,284.0,130.4,2],["line",284.0,130.4,286.0,124.4,2],["line",286.0,124.4,288.0,117.6,2],["line",288.0,117.6,290.0,110.0,2],["line",290.0,110.0,292.0,101.6,2],["line",292.0,101.6,294.0,92.4,2],["line",294.0,92.4,296.0,82.4,2],["line",296.0,82.4,298.0,71.6,2],["line",298.0,71.6,300.0,60.0,2],["line",300.0,60.0,302.0,47.6,2],["line",302.0,47.6,304.0,34.4,2],["line",304.0,34.4,306.0,20.4,2],["circle",250.0,110.0,3.5,2],["circle",270.0,150.0,3.5,2],["circle",290.0,110.0,3.5,2]]}}
]}
